2160
7964
2418
4137
5253
5772
3044
8777
6413
3338
5600
878
4854
7260
9537
854
1635
9198
4510
2077
2275
1258
5682
2423
3236
3133
3536
7251
1152
1683
3278
6721
3060
1950
3049
6637
1999
5851
5009
1194
793
4141
9040
1783
869
3014
9833
9940
1435
3453
8694
5292
3195
8822
5898
2813
9880
7012
2992
6913
8958
725
3399
480
4299
3987
1590
1434
4906
2891
1233
4973
1179
780
7734
1576
3107
9103
8059
7016
9784
1459
5369
121
5506
3982
7238
8355
1418
8448
217
5860
3805
5244
6275
2035
791
773
3439
8503
7209
7357
3904
1761
5363
2082
4137
9179
7271
7920
7162
4437
6397
1508
9143
7994
2779
1832
9836
7887
8063
3366
2094
6582
4483
1912
1322
6568
7465
5622
9279
9613
5039
6454
7285
6424
8841
9008
1297
3916
5962
3473
1750
1116
1755
5950
3267
7586
9787
7857
1949
738
5400
1280
3930
2120
7225
8441
671
1701
8491
6712
8610
1351
7536
8812
7851
3910
7140
7477
9461
1035
2181
8339
6208
5725
7062
1054
7753
6063
4895
8129
2356
7189
2595
8078
8088
4294
5
4784
902
5082
2905
5082
237
7953
5710
578
6204
9158
2263
8521
697
1943
404
6983
7813
7444
2264
8001
7182
5557
7173
7307
8871
256
1813
9899
9520
1708
5117
3800
732
6811
2459
1064
9651
842
2923
1673
597
558
4537
2128
4784
8852
1553
9293
7217
7469
8949
2950
1044
7292
5839
2050
6384
4311
6977
3448
8889
1862
9207
6482
1862
8231
5867
2937
4488
1630
6695
8939
8477
9981
5829
4069
3907
8734
8398
5024
8718
464
2173
6377
85
4285
5030
3124
12
3187
3204
1317
5372
3309
6059
1060
6953
7047
2262
878
4810
7479
5607
7042
7569
7586
3402
4224
6904
1802
4776
5815
3484
2309
2343
1251
438
7193
2305
3673
2559
6671
7496
5986
1773
1636
8943
4385
7229
7340
6069
5960
5212
3779
213
1832
6393
171
5291
6322
80
5381
2770
9758
2684
1850
2502
6089
5676
7314
193
641
7928
9724
5647
6695
922
4030
833
2330
6540
1510
7679
2192
6687
225
7472
4785
1543
2946
2679
8354
1225
7140
1124
1278
690
31
8762
9028
6703
6596
8914
8233
3481
422
6013
364
9298
7118
6993
5237
8685
8725
3429
8888
1487
7487
7757
5124
379
777
9874
5337
5583
6841
3534
5200
1332
6124
826
2739
4017
9466
2192
1189
4882
5842
3397
2268
2733
5937
2316
2761
5124
8838
566
2512
6575
9927
904
4694
1197
9134
623
5472
5902
9414
7109
2143
8339
8016
8981
1204
7872
6820
5126
408
35
1708
4752
9624
2193
7541
2726
8473
4609
5760
3100
7026
3062
957
3220
4279
8769
5922
4470
4080
2665
7587
7753
9962
1455
9587
867
6815
2283
9719
384
2346
717
2085
7982
7993
5931
9883
1895
620
1399
6526
9189
6900
3645
5910
7574
4091
8088
9816
67
9197
7655
7448
4461
7811
4256
8909
8414
2143
5372
3041
5744
740
3176
654
2646
1095
4393
748
3336
1340
9327
2417
5717
2555
3861
2154
715
8492
9449
5439
6196
2219
6970
9194
9334
7808
7145
7590
6562
3698
8758
4950
3223
4333
5069
9408
3791
9473
7221
720
4739
6686
2308
2955
6009
3308
7295
691
4206
7976
3282
1815
2734
8301
1903
9310
2873
3529
7799
4678
2203
841
4025
1750
835
950
7314
9018
4955
3472
7652
2332
3528
3584
2373
46
8453
5635
4448
5940
6099
3329
2634
3932
599
8952
5764
7037
3718
3193
5021
728
1818
8895
156
214
3117
3170
3111
1361
6318
3356
4422
2497
3165
621
3673
3295
958
5617
5172
2959
3292
8456
2811
1121
6210
2910
5212
6380
7823
9856
6923
2610
209
6149
5246
8779
1845
9327
4697
8013
5233
6399
5335
946
6395
4866
5816
6427
8717
8293
8955
1201
3916
5343
5785
4397
9474
6228
5258
3260
3179
1700
4931
9852
7552
2936
1379
9196
973
9948
3865
3565
9182
5491
189
8353
5427
2960
2392
1235
5188
2381
6793
79
4329
7558
9041
6562
9528
2010
2088
6764
1995
7037
2425
1288
981
9695
6263
5202
819
1497
1384
9853
6108
1225
2156
7615
4407
7088
7998
3975
6449
7797
6229
5016
7187
120
456
8035
9881
3111
4568
3874
4987
9041
654
6525
2625
8555
5461
3359
6482
4987
1856
22
7154
6896
7690
3354
9038
3513
6178
3863
661
6690
2661
929
5355
1887
9493
3488
4982
882
208
5368
1610
2984
8933
6611
8090
4036
4668
5071
8950
5253
9531
7374
7019
7489
9217
1287
1617
1468
4644
7146
8034
3439
785
2954
5108
2312
595
154
946
676
5268
8767
5153
3394
825
4905
1994
5962
5623
9986
694
3250
1259
2162
7962
5716
138
8552
5780
339
3852
8995
874
637
7224
2186
7207
2538
1466
2751
5380
5410
7205
2714
5118
8333
5392
4954
7579
7529
8248
9334
9452
7213
3995
5522
664
1433
2418
7289
6673
8747
4785
2943
3719
842
7610
7723
2813
7189
4011
1551
1576
1712
7683
4035
9251
6875
8112
145
3834
5054
6204
8867
2650
3895
9412
7882
6208
7552
9766
4660
8356
5311
7202
3334
5778
9119
8587
2038
9957
934
2590
1952
5222
2433
3521
2049
6208
2999
8609
1397
4066
2590
9930
5952
1247
9789
7293
1589
3990
234
4811
9400
2909
4489
1249
4663
4374
654
8182
421
4103
9897
500
4498
2214
4029
5971
3267
6722
8883
5602
9880
6147
8142
8919
2719
4829
7954
4576
7000
5740
9489
3323
5541
9019
6195
4132
5295
6654
396
9405
9646
8795
4787
9066
6478
6791
632
1713
8599
2511
6316
5351
1652
4336
1285
2449
3370
2197
6996
6516
717
7791
794
8426
6898
7010
6907
5826
1063
9669
5241
9818
343
2537
3315
5943
3687
9721
4494
4611
3555
2827
1852
5456
3880
9322
2917
629
6469
6615
5416
9701
1120
3693
6285
6712
3091
9781
7901
9832
9134
5896
9683
8586
9219
9322
1596
9272
8089