70669817058331909643
69965407046189951381
87725930383440185173
12255705818429955875
61698534939091381208
35360731652430469820
62588642154746198569
31156293420188933309
54383199859916952370
70623596673538466161
73475145628986901239
14735210611038432817
19207256804857725820
77343221241175277252
03749058527099444722
29587450374002789042
79547529691188607386
84683985952277446979
45498335956853789790
82094591861927677068
37390977892663465362
76398628532723653984
47159383354221810357
48423260874192449694
98876792370003516975
38037540908025770030
07929807130083772635
73879571151979719755
06784045334508134213
00535830922923232800
50018120718007001452
81523438024194947376
70985599802109736514
91087892585216963381
45032674817886188657
51946880504444123894
75166938610734367537
38624476445739143381
58950386647999835513
14112254038444911768
46610657954408653917
99938182636090936713
89105290065840500126
80021731169441115018
69681646059475789917
33435992589295080340
45618373705315788027
18025157685554186538
78679356114831291259
31512556439296954058
29603389529015399014
16133637219729213599
71526830764292248789
66108231596784044782
25227658698581342768
23493208854241264330
95326019787627457596
46618182292806075567
66117291875329626571
94922254459638400676
78722820268088793781
82266533507796964394
31296240015205197171
02035147403344597495
89673124157760032427
18912502077739791755
90670077579016189722
97625445818021771334
64936894881383113296
51954451730268957832
55398543599404599310
47305827417331097095
57193903758314799791
12665735803105796303
91634191102570229842
21799704892193494155
46017560492129243610
84860187578197242221
39212711595960950003
53114203108891081046
32209306934382223492
54005881180928550171
15224226398675051464
57393789751376951016
83500923714347692434
71526718605007711623
16074050771433801305
49915911472320792841
49694911461408090127
47902538822415878719
99361621136077374677
89519627286817264839
39741735521177430015
61417836325818644350
15980698053915091043
21330439953476305667
53041295809691024112
23109531936257462854
31339738376524231402
90395002948249655071
38770565600017655616
83245304369912634057
19011481922772049487
28435631481472503912
63406863054721643425
90132996248186612990
94381466502125038602
81142438782224040879
06434327411425843197
40132816038541910956
49537576132705679854
55207108244616533660
60327632035805138577
98407133757101087980
27293066998172991663
22392778891863416767
35066042044414541745
50454081233035453263
13200908195748938411
06990215052092360024
20185510092953219658
25991510941655046151
44252438318714054987
74470481416597129899
09101720882125981903
78241034328563258485
63166574680503959270
59722236777508398446
62131413290436735256
10019300166797247859
80929571097580046993
45955138048344392075
29071921573435469425
71377163130140149798
00534123947585196698
60629633633615464441
51106888847725493275
93301839747806529272
52343801896729589039
06166700485284371539
44425810274862201088
06022549291962109606
72193768311095059206
96248670229063323641
79380779676690791306
92890900294137337065
93450794842775725233
67404124520989806439
63699648363251960483
20066138941498542188
25821694338527850762
38019819200273695036
26444622049235346698
60629564064809770459
87584271026891303785
66850195295633872307
55189636944418808245
43103340575182182119
72065650514896584855
88306630995293691511
24226175181680905194
27225303058446104843
73999158334633111118
26957130671647166731
71538752398227986371
96788980503409674932
88592944542759001326
05831879401351579686
14692856911523584711
62097539650301564467
70964913940145028139
34643918892494422435
19794826519317583153
56201323461222222029
88185422892822192178
00496828795015317636
11313958355132105681
53528795889097666072
29301587449344139998
71274716082001529570
90794685386827320880
21758722482013961595
29648102515579349473
91695493456027561939
93162953017242544578
48780167440882822152
50433872471544370501
40223830173240768999
28687598915608665711
42631105052888894857
02853184682799920509
19199267737803845395
74257421945134894891
72874464037400731339
92868564408717349036
10576100970378361536
56547036893789146863
54740822603773713505
75428986736893452907
73255325087881195529