70731065687926050759288976581139030748619091983286
80373485092095246237165679759883046862521435307160
30764728333476981572410834604202290014604318738662
39080079292553765513010329717711532970219974549266
68814303709453695499625065483809154537788136235332
40643344050829233005641549326977008652027254589300
15637050890521793143704938907301946979351312859318
50510973400755594988373144002487191014383145358854
20872123516554420378182412720972104659461829665415
68875029455275622847617044189670466468504288538230
45962331438663358738908507705362026076552723967899
94195904628910539746330036975138176011150198393717
52534496037599813881842891381362735805567675770585
22269361030595854943454394168144716661855061215783
84793074522031188053602538945327186596478493358400
49195057227254497976021823421783142488032867250443
89062161169294148976802149028309604923132707178259
93814888052505460925314668075440111901326500056995
99420846359618618837012737466830678783808779358394
57257993859879200534262161242875350686616155409501
83493652295434641434679579743501846211119664694933
38648056085719223236082500261765954158353438753653
52212296063319019200994857010030891748002635433904
54105713544236072428399028474698565070404146901319
75326354217033370456951740495220856735149101576444
53257255224677214891017793955523803886932036103261
56455540276058994733468043492307525206170644050477
10176420764658096896938450177780417617865549731894
74503043691445104660531478232668137879646294065073
46081674277804219635549101155698533952740138121286
95401757589468603922772186986390506706380456797722
55494715255678681890676625957943059443410275928082
60556397082370370791944940603155956675729842453220
75231492293486859502445484975150799110978877048642
99844053914375963008320728009146909395376309417919
88485202528926257301806719081792394499180280618084
96519122805627956038996635353144688471484493115216
58096196429333247584179525794540939460366942995419
52743772628622986816941810724677191955759803098320
67551059566605689418771409804091136080900931237839
33726537875115571260199926697685171831998417316360
11432797145650158733476994045696227414313333587107
34788159601222619374218903369140366312560369157883
68873726365529620914975195830422980055849504920969
56715392823287540070071099092187496347043121214316
56291552023926410545843436159438018904536422486551
61923744338780338970030473502964659549303373946886
57027862043927655454555108572326525148527397772907
17303533222147776134713677409236212046871486973493
40372289543937166850800607603411608395022682221406