30342718214173438262332809855131518383723344346397
97553189030632659875324453272740334679170865926052
68766221238329876493654919479059351937881997211579
60328739637586540289929857789219220709608842101908
53302741722344891106931765424409013706771972463805
66648487031316792758265672846809536384125875245122
69313423476436604245623340587857552214106868315392
67536291638521084108397206018020542617200469592875
93257209132498917381793938602914946945312898300682
02179249789372615264466202111845561957390725407040
30536195063416287144699003011490935079390680371001
85199489012638661712459502165360674135283009658570
37883614790578399237239927965809054242422851075478
59039328060999456095527406991198089959937391824178
49370454709754773724742290020672410919823250861789
28012522417192210314680501464008213397600590931837
11792199455807889029771576238457987061407929686777
64983193921272928076735079890673193986397789555035
16178255727697481174253034775614812811034647953274
77881277014735673347099762672524449259404288057935
73379504190441190468542633257037475755378803813482
93366880752684381810345073667125419264363012828328
49172064960718607990139549695423046222842386233165
59842619372411416768991703831257358086638708415654
89564301080088269471780783407699849838162514344110
65175529313728390254792139954592774309311609496380
93453151932638351552029814977604771459930532508615
08880894109025534374425394207612626109397698774702
88135812431427396898833453081094212115353658774645
88861614373773896997503305033930383754497994734857
91751786220947779405657706921991527561172092439912
11229393287394168125159799193768219898723599852051
44536501011481738984699574874112085644691827394532
11895701277479154440254260837355507039407587612271
75269002317060159175552950741021485086711290692992
53063381334739208266595999362947214536028716222295
59803704054705043093676794189060930490212559182641
79440275890372288501755054883026049128500724725042
74356109380141339803967096785919000812864580950542
11691192414074166359203134674627964242292882722796
08690655309137969908640428139297049198617847775484
33103186474326121494692364686377305131054677082428
08150715093603027343451995512713866311564799006183
10258455341550587056327171731320286737800513281600
70954497193814971976299866843625204359044443966808
64474671450959957204738285141093454917471543435787
36489338532483097366227631666384431492119512318362
31395007809332733874940613785910191609159007250224
96836749960164870413082991384909808768023490558377
95743217375782603851686458796036548450603914383890
11793241491029534381946903284746879435799715524684
54653447690711663637745812478259900390632134948908
06577327593473233459862970784871873934265654373540
68738391016047798504127590218679126240406226263332
23857510571056811779105635512931678878093326675137
35274704148769690874603551200951195039166511581982
19187410854244394100565619347403820475745949802576
54699402026656270773295965151210351402921586363584
84316982096009779164149315598111901686338391544564
11656595139766497318735977864486206991047959593096
07131914499108213839113587206836060602282699894425
36592390440914856340546590166605267802305335908240
70835028073309188651331539606915971652435408599940
12639381105451141266457399104264645108646570852368
99193748400394686362628001434208212503840434739681
88717159460956285339253904400697776326721751282108
58281868053175715182113105255348606016388084679439
82298074182945363495850612851054356986921747832808
11542359208132834803059785024096760996834418188771
73422896633407815712179558465661255664166827028362
97526922433404404253795309435395531106736485763319
48903472650663119192539176811466006495959725443359
16170780856794844365789248315502563582425980210036
74547690848657369741990388624847214796780307962409
58079750693775356578428001682963224842444864841058
78248021851881033444866941825566496856281187206536
26543736617639952800438182587025313020643534996264
84736574828597167243279738205146417086030286767174
69872716829342899137616106664335022409123889562966
93408171455795384754182408070192677497873231922707
58328875726844752609358697781900802682592043270905
05249714378672229369897602307449970931249694639711
09923052220125930625389538053859517849613396291625
02732030777938550553338921862920541330175874470678
85866185825516922507304613016540790822817866733169
61927581425165918610266063135317823630507079156626
60502068403409405327984724829690332261735474139872
97429559581672932138882522169669414452044594336540
68993367857353685420309549399853126658922286568155
62214614488774097679684581287157203784670474933253
70167755993811782473984787660087128048462070966053
34346184469421692990058500227201696681330141983496
37493149726340807029809218136481951072216310995478
15705033495931239995990016347725926939083808406626
00978153078101734511998317641368583890708560888548
23858329985946264455246403308406911498537802868016
60777236510076168873091625789554590119479748097422
41285938583119931000866621570543101112124482099440
82941586363343802115093021699657960592994223958991
79568614638822923318124172198224793787114026834882