4770018546348942400640214
9177310660003118570303158
9312231650749211630827668
9731031306985703288911808
7420261449902135650797127
4069985832887591723222184
7185848545799996303327674
7647236479601391916007587
4669481928298033207937984
2908157199192869257884512
5922441605429667109944589
4221788159604817412457902
2482398186959509777128231
4512562006221650232633455
5383869036120072639247705
3066375755057884808295297
6403837745401325173715616
1996109522231124691544528
3100657160313869231870765
7087457172169997423102921
5761195446592490922072280
5019509537621292539798155
0030048631201073530353635
7633050301654148125624893
7550057908400933768478493
2474930873514886428221638
2587079389870469053465269
4030850628831019134367642
7441832193622537196923933
4249211069592096614713956
5869716992072700026896786
3111736961392155250846445
4120240459270491676577561
3998051448616795469418297
0016633553714045838152710
8430824571307449761990974
6668925659202111527631747
0164154648352665863355427
0322494224564993800520984
5670444783001726557150384
4996809972518827714819630
0752894919517457390485555
6488067388031294841903357
4181004821305687774624523
1384958281454034364022410
4141350325394862251912577
8982388212465631709786726
8584581169948480388368812
1400603315503991819066574
1279666387908975165568138
4974130147095712463130545
5449312576788405251510946
5696976043980038621593118
3698960725555127501855753
8702089141738698402344379
0317472672541133121135378
9202767925943278898430348
8517180781023790921539433
8728159550276695031304352
7912838131124755554822658
8001287928930690970677600
2709821517902638730832953
2174052778322442293387013
0452461396285481525196190
7902209046846659915221600
0974315047371184812347987
2743382162176735839373531
5968619256108607748179850
3729415054817773150052139
6570227459318972240859865
3948187014661918767543249
3223549029687453790495754
8550883060971805978058529
9056930359005715842119207
4541555665136734474707372
9151385261670071175703184
5793990437435477699723451
7311723161693865289136652
6619569655283127477987951
9511883205711378979854003
0608040076471232620230914
9336424241794441604848228
9292144102097777313943956
3796214210964850733634572
2249753598168825311703679
6603337449730848266166039
4610756623382418971545848
8146110636257895145618798
9060960280381545536865219
1192153571808932418290278
3354395985873186981290408
8005170953828019884865739
7336360579167212656157504
7578063962430228122043965
8496108053561682818840516
1815007706314673374038056
3941430237701779746652846
9883290125715785093949972
7500352165508480700038675
3098429270887199335417502
056078543049121547588038753817060296237294610
312314707770577286979760571321217410391184779
381306797698765662926539765074936923578957228
581393050670349247501143535188989634735067268
840865804215917122427801885823545616649874213
851068406570599066945845309155040327646478717
550902376324449625640823714235852544241436332
788309497681826989858600181610330756983526700
798019298841057710151490005956994437113507033
886413937275814327221009614499855568027774152
387468634634349264486064432365259043162470189
551476226609370966377433609944573885027890274
238686094350276670677826304122532266396555919
435756381793456258965451174925935051741682310
596042362155317398850460101269558222116437706
996479479069398795477168539659163507237656563
372636731746370446216514188090311391180402077
930740480960473437601832161471858340673106551
137422919932946265508850468210327619315719887
074210378158985933242491533272086796800616778
073902575119349049432580136165146890254545395
865675069078955262571383711842860068146692312
006117406892819934570398281548446644711771068
734596590162547829691855836090808685496814894
650734107728827578090109111705046374512694872
359038521528698399178052528591080722612353627
984580142058907276942209590875453921257931876
911437234164785246485389121756657794777318362
222130267696803859734010547506126695084351713
391520694841826544548004425949934339910144505
085468763528400175440575890378573558223973932
677375677961486225515673788398280570040965026
047822661893978178580179106661884280687613964
349293149224224574152261047279910819444400252
620874349677051250348751749884749335547527696
970818009770422261357364002509575214359047204
567167983368307892601806479380423677349822937
457175324521044764354775501568150217322380395
479458411235851251398648739314544320464462411
346906566295297566906383478402146466422037465
788485052958844253291026229463170659663631593
707290555380317771208673995323609054544161779
141169439804750745707407516831589668314303446
874500166088731708346992403186328121900676073
336220234942515749649524659659177990344495546
231961251693856866582920915982111101094502595
070293376941600872186124482615366447862664171
321020639864162112821177776147698416876009708
780637939598688337448422922881423009990414717
248815722284880940216932297150673062355801921
046517775376376919997004537370139728792286283
367353697594832695915300083521663888980387384
861221630934544931406488255420502548912234986
321347700714682103919696781875527922578929836
428347065108901746053297276303319916105245385
407337648923814007605335792616697921088396360
571333967485652997568350273599956347814037176
295490132515286979528265817037658429615095775
884026826390618696770559817678581943875434301
929208803015688993097393625815149700491782000
293364165177999541449796220879300959773143825
598974160772209933938821037897693987505445877
960753407875534633442010916420715505456696150
086699872799841317729586971802239161385141785
032977124976329023544008847219321472596180403
042932257086522689531400220840130951022014346
247252857079156951908186074222767775734160153
568079166159466851875635368708501387891879970
924023411740963246249036831287965122452987012
552290465275422470346755511956066219031988072
349560928949703586561165696375145455888369390
677450505184745919520037551325295573605031590
691654162389954755356842745020845027967792622
149494092428404871709405593861233245108300973
240413019126847231921023437270913898465685241
704708001063301655724677453534589892770494617
926532275526343180946350804761361779212500090
319917280199157348884175820731565289464795234
676601767648441618277906419089048789438974371
709619813040689564295438380860431096643925203
943839538195289822874344356850911548335413930
266478531334108039033457408254951659701878912
690461722871654108596240240762789217290538048
094624210749111280432940764164969676237018683
195787194034969204090037172109376895648829433
022611546187563049560463632798646126615079213
546128156068936126711425217319040073001157229
882731977817066082301468506557764645555540877
969801366448508534725274979722346404770492967
290272681209119843891847592024122767892189714
622409144897008402270630395962246011382375516
317813400743284089406935722808045772334916611
621486170737532675511836932603437182118627215
044825309341128054555943210021416940622252413
221506075890204992941160858746349232025946366
043558244360346156743301727349185307686399610
724539471685829903198410121382731883764842321
003754314465062296204614206872283842244713434
156588959678608299878211806663551144184498607
404972445712185057502835962989152566976120495